1 PIPE -100 100 0.0228 0.0012 0.35276 0 0 0 0 0 0
1 VTX -0.065 0.065 0.029 5e-05 0.0937 2 0 1.5708 5e-06 5e-06 1
1 VTX -0.065 0.065 0.031 5e-05 0.0937 2 0 1.5708 5e-06 5e-06 1
1 VTX -0.065 0.065 0.05 5e-05 0.0937 2 0 1.5708 5e-06 5e-06 1
1 VTX -0.065 0.065 0.052 5e-05 0.0937 2 0 1.5708 5e-06 5e-06 1
1 VTX -0.065 0.065 0.073 5e-05 0.0937 2 0 1.5708 5e-06 5e-06 1
1 VTX -0.065 0.065 0.075 5e-05 0.0937 2 0 1.5708 5e-06 5e-06 1
1 VTX -0.065 0.065 0.101 5e-05 0.0937 2 0 1.5708 5e-06 5e-06 1
1 VTX -0.065 0.065 0.103 5e-05 0.0937 2 0 1.5708 5e-06 5e-06 1
1 VTX -0.065 0.065 0.028 0.000557 0.0937 0 0 0 0 0 0
1 VTX -0.065 0.065 0.051 0.000557 0.0937 0 0 0 0 0 0
1 VTX -0.065 0.065 0.074 0.000557 0.0937 0 0 0 0 0 0
1 VTX -0.065 0.065 0.102 0.000557 0.0937 0 0 0 0 0 0
1 VTX -0.5 0.5 0.113 0.000337 0.0937 0 0 0 0 0 0
1 ITK -0.4816 0.4816 0.127 0.000956 0.0937 2 0 1.5708 7e-06 9e-05 1
1 ITK -0.4816 0.4816 0.34 0.000956 0.0937 2 0 1.5708 7e-06 9e-05 1
1 ITK -0.6923 0.6923 0.554 0.000956 0.0937 2 0 1.5708 7e-06 9e-05 1
1 ITK -0.4816 0.4816 0.132 0.00017 0.0937 0 0 0 0 0 0
1 ITK -0.4816 0.4816 0.345 0.00017 0.0937 0 0 0 0 0 0
1 ITK -0.6923 0.6923 0.559 0.00017 0.0937 0 0 0 0 0 0
1 ITK -2.3 2.3 0.57 0.00125 0.0937 0 0 0 0 0 0
1 ITK -2.3 2.3 0.5705 0.000281 0.0937 0 0 0 0 0 0
1 OTK -1.2642 1.2642 0.819 0.000956 0.0937 2 0 1.5708 7e-06 9e-05 1
1 OTK -1.2642 1.2642 1.153 0.000956 0.0937 2 0 1.5708 7e-06 9e-05 1
1 OTK -1.2642 1.2642 1.486 0.000956 0.0937 2 0 1.5708 7e-06 9e-05 1
1 OTK -1.2642 1.2642 0.824 0.000244 0.0937 0 0 0 0 0 0
1 OTK -1.2642 1.2642 1.143 0.000117 0.0937 0 0 0 0 0 0
1 OTK -1.2642 1.2642 1.476 0.000117 0.0937 0 0 0 0 0 0
2 VTXDSK 0.05 0.112 -0.28 5e-05 0.0937 2 0 1.5708 5e-06 5e-06 1
2 VTXDSK 0.035 0.112 -0.2 5e-05 0.0937 2 0 1.5708 5e-06 5e-06 1
2 VTXDSK 0.028 0.112 -0.12 5e-05 0.0937 2 0 1.5708 5e-06 5e-06 1
2 VTXDSK 0.022 0.112 -0.08 5e-05 0.0937 2 0 1.5708 5e-06 5e-06 1
2 VTXDSK 0.022 0.112 0.08 5e-05 0.0937 2 0 1.5708 5e-06 5e-06 1
2 VTXDSK 0.028 0.112 0.12 5e-05 0.0937 2 0 1.5708 5e-06 5e-06 1
2 VTXDSK 0.035 0.112 0.2 5e-05 0.0937 2 0 1.5708 5e-06 5e-06 1
2 VTXDSK 0.05 0.112 0.28 5e-05 0.0937 2 0 1.5708 5e-06 5e-06 1
2 ITKDSK 0.284 0.56 -2.19 0.000956 0.0937 2 0 1.5708 7e-06 9e-05 1
2 ITKDSK 0.264 0.56 -1.946 0.000956 0.0937 2 0 1.5708 7e-06 9e-05 1
2 ITKDSK 0.237 0.56 -1.661 0.000956 0.0937 2 0 1.5708 7e-06 9e-05 1
2 ITKDSK 0.212 0.56 -1.377 0.000956 0.0937 2 0 1.5708 7e-06 9e-05 1
2 ITKDSK 0.19 0.56 -1.093 0.000956 0.0937 2 0 1.5708 7e-06 9e-05 1
2 ITKDSK 0.147 0.56 -0.808 0.000956 0.0937 2 0 1.5708 7e-06 9e-05 1
2 ITKDSK 0.095 0.41 -0.524 0.000956 0.0937 2 0 1.5708 7e-06 9e-05 1
2 ITKDSK 0.095 0.41 0.524 0.000956 0.0937 2 0 1.5708 7e-06 9e-05 1
2 ITKDSK 0.147 0.56 0.808 0.000956 0.0937 2 0 1.5708 7e-06 9e-05 1
2 ITKDSK 0.19 0.56 1.093 0.000956 0.0937 2 0 1.5708 7e-06 9e-05 1
2 ITKDSK 0.212 0.56 1.377 0.000956 0.0937 2 0 1.5708 7e-06 9e-05 1
2 ITKDSK 0.237 0.56 1.661 0.000956 0.0937 2 0 1.5708 7e-06 9e-05 1
2 ITKDSK 0.264 0.56 1.946 0.000956 0.0937 2 0 1.5708 7e-06 9e-05 1
2 ITKDSK 0.284 0.56 2.19 0.000956 0.0937 2 0 1.5708 7e-06 9e-05 1
2 OTKDSK 0.6175 1.4302 -2.19 0.000956 0.0937 2 0 1.5708 7e-06 9e-05 1
2 OTKDSK 0.6175 1.4302 -1.883 0.000956 0.0937 2 0 1.5708 7e-06 9e-05 1
2 OTKDSK 0.6175 1.4302 -1.617 0.000956 0.0937 2 0 1.5708 7e-06 9e-05 1
2 OTKDSK 0.6175 1.4302 -1.31 0.000956 0.0937 2 0 1.5708 7e-06 9e-05 1
2 OTKDSK 0.6175 1.4302 1.31 0.000956 0.0937 2 0 1.5708 7e-06 9e-05 1
2 OTKDSK 0.6175 1.4302 1.617 0.000956 0.0937 2 0 1.5708 7e-06 9e-05 1
2 OTKDSK 0.6175 1.4302 1.883 0.000956 0.0937 2 0 1.5708 7e-06 9e-05 1
2 OTKDSK 0.6175 1.4302 2.19 0.000956 0.0937 2 0 1.5708 7e-06 9e-05 1
2 OTKDSK 0.6175 1.4302 -2.18 0.000342 0.0937 0 0 0 0 0 0
2 OTKDSK 0.6175 1.4302 -1.893 0.000342 0.0937 0 0 0 0 0 0
2 OTKDSK 0.6175 1.4302 -1.607 0.000342 0.0937 0 0 0 0 0 0
2 OTKDSK 0.6175 1.4302 -1.32 0.000342 0.0937 0 0 0 0 0 0
2 OTKDSK 0.6175 1.4302 1.32 0.000342 0.0937 0 0 0 0 0 0
2 OTKDSK 0.6175 1.4302 1.607 0.000342 0.0937 0 0 0 0 0 0
2 OTKDSK 0.6175 1.4302 1.893 0.000342 0.0937 0 0 0 0 0 0
2 OTKDSK 0.6175 1.4302 2.18 0.000342 0.0937 0 0 0 0 0 0
